train_len: 29329
test_len: 3092
mean: 7.099407549219437
std: 1.53173081517571