train_len: 15304
test_len: 17117
mean: 6.87792907217945
std: 1.9223589884397823