train_len: 19709
test_len: 12712
mean: 7.229947713091619
std: 1.579785283176853