train_len: 29178
test_len: 3243
mean: 6.855913644755403
std: 1.7666355575486314