train_len: 22189
test_len: 10232
mean: 6.4003469159708715
std: 1.815062161986116